127.699 0.05662514156285391
127.714 0.11325028312570783
127.728 0.16987542468856173
127.744 0.22650056625141565
127.764 0.28312570781426954
127.774 0.33975084937712347
127.796 0.39637599093997733
127.824 0.4530011325028313
127.858 0.5096262740656852
127.886 0.5662514156285391
127.91 0.622876557191393
127.939 0.6795016987542469
127.971 0.7361268403171007
127.997 0.7927519818799547
128.019 0.8493771234428085
128.05 0.9060022650056626
128.077 0.9626274065685164
128.104 1.0192525481313703
128.126 1.0758776896942241
128.152 1.1325028312570782
128.174 1.189127972819932
128.2 1.245753114382786
128.227 1.3023782559456398
128.251 1.3590033975084939
128.278 1.4156285390713477
128.304 1.4722536806342015
128.329 1.5288788221970555
128.352 1.5855039637599093
128.383 1.6421291053227631
128.414 1.698754246885617
128.464 1.7553793884484712
128.494 1.8120045300113252
128.521 1.868629671574179
128.55 1.9252548131370328
128.573 1.9818799546998869
128.598 2.0385050962627407
128.622 2.0951302378255945
128.646 2.1517553793884483
128.671 2.208380520951302
128.695 2.2650056625141564
128.719 2.32163080407701
128.748 2.378255945639864
128.77 2.4348810872027182
128.794 2.491506228765572
128.818 2.548131370328426
128.847 2.6047565118912797
128.872 2.6613816534541335
128.896 2.7180067950169877
128.924 2.7746319365798415
128.947 2.8312570781426953
128.97 2.887882219705549
128.996 2.944507361268403
129.019 3.0011325028312568
129.042 3.057757644394111
129.067 3.1143827859569653
129.094 3.1710079275198186
129.118 3.227633069082673
129.144 3.2842582106455263
129.17 3.3408833522083805
129.194 3.397508493771234
129.219 3.454133635334088
129.245 3.5107587768969424
129.268 3.567383918459796
129.291 3.6240090600226504
129.314 3.680634201585504
129.34 3.737259343148358
129.363 3.7938844847112114
129.386 3.8505096262740657
129.412 3.9071347678369195
129.436 3.9637599093997737
129.46 4.020385050962627
129.485 4.077010192525481
129.51 4.133635334088336
129.534 4.190260475651189
129.556 4.246885617214043
129.582 4.303510758776897
129.606 4.360135900339751
129.628 4.416761041902604
129.658 4.4733861834654585
129.683 4.530011325028313
129.707 4.586636466591167
129.731 4.64326160815402
129.757 4.699886749716875
129.78 4.756511891279728
129.806 4.813137032842582
129.835 4.8697621744054365
129.86 4.92638731596829
129.884 4.983012457531144
129.909 5.0396375990939974
129.938 5.096262740656852
129.962 5.152887882219705
129.986 5.209513023782559
130.014 5.266138165345414
130.039 5.322763306908267
130.064 5.379388448471121
130.089 5.436013590033975
130.116 5.49263873159683
130.141 5.549263873159683
130.164 5.605889014722537
130.191 5.662514156285391
130.215 5.719139297848245
130.24 5.775764439411098
130.266 5.8323895809739525
130.298 5.889014722536806
130.322 5.94563986409966
130.346 6.0022650056625135
130.375 6.058890147225368
130.398 6.115515288788222
130.421 6.172140430351076
130.444 6.2287655719139305
130.471 6.285390713476784
130.498 6.342015855039637
130.523 6.398640996602492
130.552 6.455266138165346
130.575 6.511891279728199
130.599 6.5685164212910525
130.623 6.625141562853908
130.65 6.681766704416761
130.675 6.738391845979614
130.699 6.795016987542468
130.727 6.851642129105323
130.752 6.908267270668176
130.775 6.9648924122310305
130.798 7.021517553793885
130.827 7.078142695356739
130.851 7.134767836919592
130.874 7.191392978482446
130.898 7.248018120045301
130.925 7.304643261608154
130.948 7.361268403171008
130.973 7.417893544733861
131.003 7.474518686296716
131.027 7.5311438278595695
131.051 7.587768969422423
131.078 7.644394110985278
131.103 7.701019252548131
131.126 7.757644394110985
131.151 7.814269535673839
131.18 7.870894677236693
131.203 7.9275198187995475
131.228 7.984144960362401
131.253 8.040770101925254
131.281 8.097395243488108
131.305 8.154020385050963
131.329 8.210645526613817
131.36 8.267270668176671
131.383 8.323895809739525
131.406 8.380520951302378
131.429 8.437146092865232
131.456 8.493771234428086
131.48 8.55039637599094
131.504 8.607021517553793
131.535 8.663646659116647
131.563 8.720271800679502
131.587 8.776896942242356
131.61 8.833522083805208
131.636 8.890147225368063
131.659 8.946772366930917
131.684 9.003397508493771
131.712 9.060022650056625
131.735 9.11664779161948
131.759 9.173272933182334
131.782 9.229898074745186
131.809 9.28652321630804
131.833 9.343148357870895
131.856 9.39977349943375
131.888 9.456398640996602
131.915 9.513023782559456
131.94 9.56964892412231
131.963 9.626274065685164
131.99 9.682899207248017
132.014 9.739524348810873
132.037 9.796149490373725
132.069 9.85277463193658
132.096 9.909399773499434
132.12 9.966024915062288
132.143 10.022650056625142
132.171 10.079275198187995
132.194 10.13590033975085
132.219 10.192525481313703
132.245 10.249150622876558
132.275 10.30577576443941
132.301 10.362400906002266
132.323 10.419026047565119
132.352 10.475651189127973
132.376 10.532276330690827
132.402 10.588901472253681
132.425 10.645526613816534
132.454 10.702151755379388
132.478 10.758776896942242
132.505 10.815402038505097
132.529 10.87202718006795
132.556 10.928652321630803
132.584 10.98527746319366
132.609 11.041902604756512
132.635 11.098527746319366
132.662 11.155152887882219
132.684 11.211778029445075
132.707 11.268403171007927
132.734 11.325028312570781
132.758 11.381653454133636
132.783 11.43827859569649
132.808 11.494903737259342
132.836 11.551528878822197
132.859 11.60815402038505
132.882 11.664779161947905
132.909 11.72140430351076
132.933 11.778029445073612
132.958 11.834654586636468
132.981 11.89127972819932
133.008 11.947904869762175
133.037 12.004530011325027
133.062 12.061155152887883
133.086 12.117780294450736
133.115 12.17440543601359
133.139 12.231030577576444
133.163 12.287655719139298
133.192 12.344280860702153
133.215 12.400906002265005
133.239 12.457531143827861
133.267 12.514156285390712
133.291 12.570781426953568
133.315 12.627406568516422
133.347 12.684031710079275
133.374 12.740656851642129
133.398 12.797281993204985
133.421 12.853907134767836
133.448 12.910532276330692
133.472 12.967157417893544
133.494 13.023782559456398
133.518 13.080407701019253
133.547 13.137032842582105
133.573 13.193657984144961
133.598 13.250283125707815
133.623 13.306908267270668
133.649 13.363533408833522
133.673 13.420158550396376
133.695 13.476783691959229
133.726 13.533408833522085
133.75 13.590033975084935
133.772 13.646659116647792
133.794 13.703284258210646
133.823 13.759909399773498
133.847 13.816534541336353
133.871 13.873159682899209
133.9 13.929784824462061
133.922 13.986409966024915
133.946 14.04303510758777
133.968 14.099660249150622
133.995 14.156285390713478
134.018 14.212910532276329
134.043 14.269535673839185
134.074 14.326160815402039
134.099 14.382785956964891
134.125 14.439411098527746
134.151 14.496036240090602
134.177 14.552661381653454
134.201 14.609286523216308
134.225 14.665911664779163
134.252 14.722536806342015
134.284 14.77916194790487
134.308 14.835787089467722
134.337 14.892412231030578
134.362 14.949037372593432
134.385 15.005662514156285
134.413 15.062287655719139
134.441 15.118912797281995
134.465 15.175537938844846
134.489 15.232163080407702
134.516 15.288788221970556
134.54 15.345413363533408
134.564 15.402038505096263
134.588 15.458663646659115
134.617 15.51528878822197
134.641 15.571913929784825
134.664 15.628539071347678
134.694 15.685164212910532
134.72 15.741789354473386
134.747 15.798414496036239
134.777 15.855039637599095
134.8 15.91166477916195
134.826 15.968289920724802
134.851 16.024915062287658
134.879 16.08154020385051
134.906 16.138165345413363
134.932 16.194790486976217
134.963 16.25141562853907
134.989 16.308040770101925
135.015 16.36466591166478
135.04 16.421291053227634
135.071 16.477916194790488
135.096 16.534541336353342
135.121 16.591166477916193
135.144 16.64779161947905
135.171 16.7044167610419
135.193 16.761041902604756
135.216 16.81766704416761
135.246 16.874292185730464
135.27 16.93091732729332
135.294 16.987542468856173
135.316 17.044167610419024
135.347 17.10079275198188
135.372 17.157417893544736
135.396 17.214043035107586
135.426 17.27066817667044
135.452 17.327293318233295
135.476 17.38391845979615
135.502 17.440543601359003
135.53 17.497168742921858
135.56 17.553793884484712
135.583 17.610419026047566
135.607 17.667044167610417
135.634 17.723669309173275
135.658 17.780294450736125
135.683 17.83691959229898
135.705 17.893544733861834
135.735 17.950169875424688
135.76 18.006795016987542
135.784 18.063420158550397
135.815 18.12004530011325
135.84 18.176670441676105
135.865 18.23329558323896
135.891 18.28992072480181
135.921 18.346545866364668
135.95 18.40317100792752
135.976 18.459796149490373
136.007 18.516421291053227
136.037 18.57304643261608
136.063 18.629671574178936
136.092 18.68629671574179
136.124 18.742921857304644
136.15 18.7995469988675
136.175 18.856172140430353
136.205 18.912797281993203
136.231 18.96942242355606
136.255 19.026047565118912
136.28 19.082672706681766
136.311 19.13929784824462
136.336 19.195922989807475
136.36 19.25254813137033
136.385 19.309173272933183
136.413 19.365798414496034
136.438 19.42242355605889
136.463 19.479048697621746
136.495 19.535673839184597
136.519 19.59229898074745
136.543 19.648924122310305
136.567 19.70554926387316
136.597 19.762174405436014
136.622 19.818799546998868
136.645 19.875424688561722
136.674 19.932049830124576
136.699 19.988674971687427
136.723 20.045300113250285
136.748 20.10192525481314
136.777 20.15855039637599
136.8 20.215175537938844
136.824 20.2718006795017
136.849 20.328425821064553
136.878 20.385050962627407
136.903 20.44167610419026
136.93 20.498301245753115
136.955 20.55492638731597
136.985 20.61155152887882
137.01 20.668176670441678
137.035 20.724801812004532
137.071 20.781426953567383
137.096 20.838052095130237
137.12 20.89467723669309
137.144 20.951302378255946
137.174 21.0079275198188
137.198 21.064552661381654
137.222 21.12117780294451
137.245 21.177802944507363
137.276 21.234428086070213
137.3 21.291053227633068
137.326 21.347678369195926
137.353 21.404303510758776
137.383 21.46092865232163
137.407 21.517553793884485
137.431 21.57417893544734
137.453 21.630804077010193
137.48 21.687429218573044
137.505 21.7440543601359
137.528 21.800679501698756
137.552 21.857304643261607
137.58 21.91392978482446
137.605 21.97055492638732
137.628 22.02718006795017
137.652 22.083805209513024
137.686 22.140430351075878
137.714 22.197055492638732
137.736 22.253680634201586
137.766 22.310305775764437
137.793 22.366930917327295
137.817 22.42355605889015
137.843 22.480181200453
137.866 22.536806342015854
137.895 22.59343148357871
137.92 22.650056625141563
137.944 22.706681766704417
137.967 22.76330690826727
137.999 22.819932049830125
138.025 22.87655719139298
138.049 22.93318233295583
138.073 22.989807474518685
138.105 23.046432616081542
138.129 23.103057757644393
138.153 23.159682899207247
138.176 23.2163080407701
138.203 23.272933182332956
138.232 23.32955832389581
138.258 23.38618346545866
138.282 23.44280860702152
138.313 23.499433748584373
138.338 23.556058890147224
138.362 23.612684031710078
138.387 23.669309173272936
138.421 23.725934314835786
138.446 23.78255945639864
138.472 23.839184597961495
138.496 23.89580973952435
138.525 23.952434881087203
138.551 24.009060022650054
138.574 24.065685164212912
138.599 24.122310305775766
138.624 24.178935447338617
138.653 24.23556058890147
138.677 24.29218573046433
138.701 24.34881087202718
138.723 24.405436013590034
138.752 24.462061155152888
138.775 24.518686296715742
138.799 24.575311438278597
138.824 24.631936579841447
138.855 24.688561721404305
138.88 24.74518686296716
138.905 24.80181200453001
138.939 24.858437146092864
138.976 24.915062287655722
139.002 24.971687429218573
139.026 25.028312570781424
139.051 25.084937712344278
139.081 25.141562853907136
139.108 25.19818799546999
139.132 25.254813137032844
139.157 25.311438278595695
139.186 25.36806342015855
139.21 25.424688561721403
139.234 25.481313703284258
139.26 25.537938844847112
139.282 25.59456398640997
139.312 25.651189127972817
139.336 25.70781426953567
139.362 25.76443941109853
139.387 25.821064552661383
139.417 25.877689694224237
139.441 25.934314835787088
139.465 25.990939977349942
139.488 26.047565118912797
139.511 26.10419026047565
139.537 26.160815402038505
139.561 26.217440543601363
139.585 26.27406568516421
139.609 26.330690826727064
139.635 26.387315968289922
139.658 26.443941109852776
139.681 26.50056625141563
139.708 26.55719139297848
139.739 26.613816534541336
139.764 26.67044167610419
139.792 26.727066817667044
139.817 26.7836919592299
139.846 26.840317100792753
139.87 26.896942242355603
139.894 26.953567383918458
139.919 27.010192525481315
139.944 27.06681766704417
139.973 27.123442808607024
139.996 27.18006795016987
140.02 27.23669309173273
140.046 27.293318233295583
140.075 27.349943374858437
140.101 27.40656851642129
140.131 27.463193657984146
140.161 27.519818799546997
140.193 27.57644394110985
140.22 27.633069082672705
140.243 27.689694224235563
140.268 27.746319365798417
140.296 27.802944507361264
140.321 27.859569648924122
140.35 27.916194790486976
140.373 27.97281993204983
140.396 28.029445073612685
140.426 28.08607021517554
140.451 28.14269535673839
140.475 28.199320498301244
140.5 28.2559456398641
140.527 28.312570781426956
140.552 28.36919592298981
140.577 28.425821064552657
140.602 28.482446206115515
140.634 28.53907134767837
140.658 28.595696489241224
140.685 28.652321630804078
140.71 28.708946772366932
140.74 28.765571913929783
140.766 28.822197055492637
140.791 28.87882219705549
140.815 28.935447338618346
140.845 28.992072480181204
140.871 29.04869762174405
140.897 29.10532276330691
140.94 29.161947904869763
140.966 29.218573046432617
140.995 29.27519818799547
141.022 29.331823329558325
141.048 29.388448471121176
141.075 29.44507361268403
141.104 29.501698754246885
141.129 29.55832389580974
141.155 29.614949037372597
141.18 29.671574178935444
141.21 29.728199320498298
141.236 29.784824462061156
141.261 29.84144960362401
141.291 29.898074745186864
141.315 29.95469988674972
141.345 30.01132502831257
141.369 30.067950169875424
141.398 30.124575311438278
141.423 30.181200453001132
141.451 30.23782559456399
141.476 30.294450736126837
141.501 30.35107587768969
141.524 30.40770101925255
141.558 30.464326160815403
141.583 30.520951302378258
141.609 30.577576443941112
141.634 30.634201585503963
141.664 30.690826727066817
141.689 30.74745186862967
141.713 30.804077010192525
141.741 30.860702151755383
141.771 30.91732729331823
141.795 30.973952434881085
141.822 31.03057757644394
141.848 31.087202718006797
141.873 31.14382785956965
141.909 31.200453001132505
141.938 31.257078142695356
141.964 31.31370328425821
141.988 31.370328425821064
142.013 31.42695356738392
142.047 31.483578708946773
142.073 31.540203850509624
142.099 31.596828992072478
142.126 31.653454133635332
142.154 31.71007927519819
142.184 31.766704416761044
142.208 31.8233295583239
142.232 31.87995469988675
142.258 31.936579841449603
142.3 31.993204983012458
142.326 32.049830124575315
142.354 32.10645526613817
142.381 32.16308040770102
142.414 32.21970554926387
142.442 32.276330690826725
142.47 32.33295583238958
142.494 32.389580973952434
142.52 32.44620611551529
142.551 32.50283125707814
142.58 32.559456398641
142.606 32.61608154020385
142.63 32.672706681766705
142.663 32.72933182332956
142.688 32.78595696489241
142.713 32.84258210645527
142.737 32.89920724801812
142.762 32.955832389580976
142.793 33.01245753114383
142.82 33.069082672706685
142.845 33.12570781426953
142.871 33.182332955832386
142.903 33.23895809739524
142.927 33.2955832389581
142.952 33.352208380520956
142.977 33.4088335220838
143.007 33.46545866364666
143.031 33.52208380520951
143.058 33.578708946772366
143.083 33.63533408833522
143.107 33.691959229898075
143.139 33.74858437146093
143.167 33.80520951302378
143.191 33.86183465458664
143.216 33.91845979614949
143.239 33.975084937712346
143.272 34.03171007927519
143.297 34.08833522083805
143.321 34.14496036240091
143.346 34.20158550396376
143.376 34.25821064552662
143.402 34.31483578708947
143.426 34.37146092865232
143.45 34.42808607021517
143.474 34.48471121177803
143.507 34.54133635334088
143.533 34.59796149490374
143.558 34.65458663646659
143.583 34.711211778029444
143.608 34.7678369195923
143.637 34.82446206115515
143.661 34.88108720271801
143.688 34.93771234428086
143.719 34.994337485843715
143.75 35.05096262740657
143.776 35.107587768969424
143.801 35.16421291053228
143.827 35.22083805209513
143.854 35.27746319365798
143.888 35.334088335220834
143.915 35.390713476783695
143.941 35.44733861834655
143.965 35.503963759909404
143.989 35.56058890147225
144.022 35.617214043035105
144.048 35.67383918459796
144.075 35.73046432616081
144.099 35.78708946772367
144.124 35.84371460928652
144.154 35.900339750849376
144.179 35.95696489241223
144.204 36.013590033975085
144.229 36.07021517553794
144.258 36.12684031710079
144.284 36.18346545866365
144.309 36.2400906002265
144.333 36.296715741789356
144.358 36.35334088335221
144.391 36.409966024915065
144.415 36.46659116647792
144.441 36.523216308040766
144.467 36.57984144960362
144.497 36.636466591166474
144.524 36.693091732729336
144.548 36.74971687429219
144.575 36.80634201585504
144.598 36.86296715741789
144.63 36.919592298980746
144.656 36.9762174405436
144.681 37.032842582106454
144.704 37.08946772366931
144.728 37.14609286523216
144.76 37.20271800679502
144.785 37.25934314835787
144.809 37.315968289920725
144.832 37.37259343148358
144.857 37.42921857304643
144.888 37.48584371460929
144.914 37.54246885617214
144.939 37.599093997735
144.964 37.65571913929785
144.999 37.712344280860705
145.026 37.76896942242355
145.053 37.82559456398641
145.077 37.88221970554926
145.105 37.93884484711212
145.144 37.99546998867498
145.172 38.052095130237824
145.201 38.10872027180068
145.227 38.16534541336353
145.254 38.221970554926386
145.287 38.27859569648924
145.312 38.335220838052095
145.336 38.39184597961495
145.363 38.4484711211778
145.389 38.50509626274066
145.422 38.56172140430351
145.449 38.618346545866366
145.475 38.67497168742921
145.507 38.73159682899207
145.541 38.78822197055493
145.568 38.84484711211778
145.593 38.90147225368064
145.619 38.95809739524349
145.643 39.01472253680634
145.677 39.07134767836919
145.704 39.12797281993205
145.729 39.1845979614949
145.754 39.24122310305776
145.779 39.29784824462061
145.811 39.354473386183464
145.837 39.41109852774632
145.862 39.46772366930917
145.889 39.52434881087203
145.913 39.58097395243488
145.943 39.637599093997736
145.969 39.69422423556059
145.995 39.750849377123444
146.023 39.8074745186863
146.061 39.86409966024915
146.087 39.920724801812
146.113 39.977349943374854
146.139 40.03397508493771
146.167 40.09060022650057
146.201 40.147225368063424
146.227 40.20385050962628
146.257 40.260475651189125
146.285 40.31710079275198
146.311 40.373725934314834
146.345 40.43035107587769
146.371 40.48697621744054
146.399 40.5436013590034
146.427 40.60022650056625
146.465 40.656851642129105
146.49 40.71347678369196
146.517 40.770101925254814
146.543 40.82672706681767
146.569 40.88335220838052
146.604 40.939977349943376
146.628 40.99660249150623
146.652 41.053227633069085
146.677 41.10985277463194
146.703 41.166477916194786
146.734 41.22310305775764
146.759 41.279728199320495
146.785 41.336353340883356
146.809 41.39297848244621
146.84 41.449603624009065
146.866 41.50622876557191
146.892 41.562853907134766
146.919 41.61947904869762
146.945 41.676104190260475
146.977 41.73272933182333
147.002 41.78935447338618
147.026 41.84597961494904
147.054 41.90260475651189
147.08 41.959229898074746
147.109 42.0158550396376
147.133 42.072480181200454
147.158 42.12910532276331
147.183 42.18573046432616
147.208 42.24235560588902
147.239 42.29898074745187
147.264 42.355605889014726
147.289 42.41223103057757
147.314 42.46885617214043
147.348 42.52548131370328
147.373 42.582106455266135
147.398 42.638731596829
147.424 42.69535673839185
147.449 42.7519818799547
147.485 42.80860702151755
147.509 42.86523216308041
147.533 42.92185730464326
147.557 42.978482446206115
147.584 43.03510758776897
147.613 43.091732729331824
147.638 43.14835787089468
147.662 43.20498301245753
147.687 43.26160815402039
147.71 43.31823329558324
147.74 43.37485843714609
147.764 43.43148357870895
147.789 43.4881087202718
147.818 43.54473386183466
147.859 43.60135900339751
147.888 43.65798414496036
147.916 43.71460928652321
147.944 43.77123442808607
147.971 43.82785956964892
148.005 43.88448471121178
148.028 43.94110985277464
148.056 43.997734994337485
148.084 44.05436013590034
148.11 44.11098527746319
148.143 44.16761041902605
148.171 44.2242355605889
148.195 44.280860702151756
148.22 44.33748584371461
148.246 44.394110985277464
148.28 44.45073612684032
148.305 44.50736126840317
148.33 44.56398640996603
148.353 44.620611551528874
148.379 44.67723669309173
148.415 44.73386183465459
148.44 44.790486976217444
148.465 44.8471121177803
148.491 44.903737259343146
148.521 44.960362400906
148.548 45.016987542468854
148.575 45.07361268403171
148.602 45.13023782559456
148.626 45.18686296715742
148.658 45.24348810872027
148.683 45.300113250283125
148.708 45.35673839184598
148.739 45.413363533408834
148.765 45.46998867497169
148.794 45.52661381653454
148.82 45.5832389580974
148.843 45.63986409966025
148.853 45.696489241223105
148.935 45.75311438278596
149.637 45.80973952434881
149.693 45.86636466591166
149.719 45.922989807474515
149.737 45.97961494903737
149.757 46.03624009060023
149.781 46.092865232163085
149.868 46.14949037372593
150.008 46.206115515288786
150.081 46.26274065685164
150.1 46.319365798414495
150.12 46.37599093997735
150.181 46.4326160815402
150.205 46.48924122310306
150.225 46.54586636466591
150.245 46.602491506228766
150.271 46.65911664779162
150.289 46.715741789354475
150.307 46.77236693091732
150.326 46.82899207248018
150.353 46.88561721404304
150.372 46.94224235560589
150.39 46.998867497168746
150.409 47.05549263873159
150.428 47.11211778029445
150.457 47.1687429218573
150.478 47.225368063420156
150.5 47.28199320498302
150.523 47.33861834654587
150.573 47.39524348810872
150.593 47.45186862967157
150.612 47.50849377123443
150.631 47.56511891279728
150.65 47.621744054360136
150.676 47.67836919592299
150.697 47.734994337485844
150.715 47.7916194790487
150.733 47.84824462061155
150.758 47.90486976217441
150.778 47.96149490373726
150.8 48.01812004530011
150.819 48.07474518686297
150.839 48.131370328425824
150.869 48.18799546998868
150.89 48.24462061155153
150.911 48.30124575311438
150.933 48.357870894677234
150.954 48.41449603624009
150.978 48.47112117780294
150.996 48.5277463193658
151.016 48.58437146092866
151.036 48.640996602491505
151.065 48.69762174405436
151.087 48.75424688561721
151.107 48.81087202718007
151.126 48.86749716874292
151.154 48.924122310305776
151.175 48.98074745186863
151.194 49.037372593431485
151.213 49.09399773499434
151.232 49.15062287655719
151.257 49.20724801812005
151.277 49.263873159682895
151.297 49.32049830124575
151.317 49.37712344280861
151.346 49.433748584371465
151.368 49.49037372593432
151.387 49.546998867497166
151.405 49.60362400906002
151.425 49.660249150622874
151.45 49.71687429218573
151.469 49.77349943374858
151.488 49.830124575311444
151.509 49.88674971687429
151.536 49.943374858437146
151.556 50.0
151.576 50.05662514156285
151.595 50.11325028312571
151.629 50.169875424688556
151.656 50.22650056625142
151.682 50.28312570781427
151.709 50.33975084937712
151.739 50.39637599093998
151.758 50.45300113250283
151.777 50.50962627406569
151.797 50.566251415628535
151.825 50.62287655719139
151.844 50.67950169875425
151.867 50.7361268403171
151.892 50.79275198187996
151.912 50.84937712344281
151.941 50.90600226500567
151.962 50.962627406568515
152.011 51.01925254813137
152.034 51.075877689694224
152.054 51.13250283125708
152.09 51.18912797281994
152.118 51.24575311438279
152.147 51.302378255945634
152.169 51.359003397508495
152.199 51.41562853907134
152.219 51.4722536806342
152.237 51.52887882219706
152.256 51.585503963759905
152.284 51.642129105322766
152.303 51.69875424688561
152.322 51.755379388448475
152.341 51.81200453001132
152.366 51.868629671574176
152.407 51.92525481313703
152.427 51.981879954699885
152.447 52.038505096262746
152.488 52.09513023782559
152.508 52.151755379388455
152.529 52.2083805209513
152.555 52.265005662514156
152.577 52.32163080407701
152.596 52.378255945639864
152.615 52.434881087202726
152.637 52.49150622876557
152.659 52.54813137032842
152.678 52.60475651189128
152.696 52.66138165345413
152.715 52.71800679501699
152.739 52.774631936579844
152.759 52.83125707814269
152.798 52.88788221970555
152.826 52.9445073612684
152.848 53.00113250283126
152.881 53.05775764439411
152.901 53.11438278595696
152.925 53.17100792751982
152.944 53.22763306908267
152.963 53.28425821064553
152.982 53.34088335220838
153.008 53.39750849377124
153.028 53.45413363533409
153.049 53.510758776896935
153.072 53.5673839184598
153.1 53.62400906002265
153.119 53.680634201585505
153.138 53.73725934314836
153.158 53.79388448471121
153.197 53.85050962627407
153.218 53.907134767836915
153.239 53.963759909399776
153.27 54.02038505096263
153.296 54.07701019252548
153.322 54.13363533408834
153.348 54.190260475651186
153.371 54.24688561721405
153.396 54.303510758776895
153.415 54.36013590033974
153.435 54.4167610419026
153.456 54.47338618346546
153.484 54.53001132502832
153.503 54.586636466591166
153.521 54.64326160815403
153.54 54.699886749716875
153.581 54.75651189127972
153.604 54.81313703284258
153.625 54.86976217440544
153.659 54.92638731596829
153.685 54.983012457531146
153.706 55.03963759909399
153.726 55.096262740656854
153.745 55.1528878822197
153.772 55.20951302378256
153.791 55.26613816534541
153.809 55.322763306908264
153.829 55.379388448471126
153.854 55.43601359003397
153.875 55.492638731596834
153.895 55.54926387315968
153.914 55.60588901472253
153.938 55.66251415628539
153.958 55.719139297848244
153.994 55.775764439411105
154.015 55.83238958097395
154.045 55.889014722536814
154.083 55.94563986409966
154.103 56.00226500566251
154.132 56.05889014722537
154.151 56.11551528878822
154.169 56.17214043035108
154.187 56.22876557191393
154.205 56.28539071347678
154.231 56.34201585503964
154.25 56.39864099660249
154.27 56.45526613816535
154.29 56.5118912797282
154.315 56.56851642129105
154.333 56.62514156285391
154.351 56.68176670441676
154.387 56.73839184597962
154.414 56.79501698754247
154.434 56.851642129105315
154.455 56.908267270668176
154.485 56.96489241223103
154.51 57.021517553793885
154.536 57.07814269535674
154.56 57.1347678369196
154.584 57.19139297848245
154.608 57.248018120045295
154.629 57.304643261608156
154.648 57.361268403171
154.669 57.417893544733865
154.694 57.47451868629672
154.713 57.531143827859566
154.734 57.58776896942243
154.754 57.644394110985274
154.797 57.701019252548136
154.818 57.75764439411098
154.838 57.81426953567384
154.87 57.87089467723669
154.895 57.927519818799546
154.915 57.98414496036241
154.935 58.040770101925254
154.954 58.0973952434881
154.979 58.15402038505096
155.001 58.21064552661382
155.019 58.26727066817667
155.041 58.323895809739525
155.062 58.38052095130239
155.097 58.437146092865234
155.124 58.49377123442808
155.167 58.55039637599094
155.2 58.60702151755379
155.222 58.66364665911665
155.243 58.720271800679505
155.293 58.77689694224235
155.387 58.833522083805214
155.49 58.89014722536806
155.598 58.94677236693092
155.688 59.00339750849377
155.789 59.060022650056624
155.927 59.11664779161948
155.987 59.17327293318233
156.091 59.22989807474519
156.189 59.28652321630804
156.301 59.34314835787089
156.385 59.39977349943375
156.487 59.456398640996596
156.614 59.51302378255946
156.691 59.56964892412231
156.794 59.626274065685166
156.886 59.68289920724802
156.992 59.73952434881087
157.091 59.79614949037373
157.186 59.852774631936576
157.306 59.90939977349944
157.391 59.96602491506229
157.487 60.02265005662514
157.587 60.079275198188
157.698 60.13590033975085
157.794 60.19252548131371
157.891 60.249150622876556
158.007 60.3057757644394
158.092 60.362400906002264
158.186 60.41902604756512
158.291 60.47565118912798
158.39 60.53227633069083
158.488 60.588901472253674
158.635 60.645526613816536
158.693 60.70215175537938
158.792 60.758776896942244
158.887 60.8154020385051
158.986 60.872027180067946
159.089 60.92865232163081
159.19 60.985277463193654
159.293 61.041902604756515
159.395 61.09852774631936
159.488 61.155152887882224
159.587 61.21177802944507
159.689 61.268403171007925
159.793 61.32502831257079
159.888 61.381653454133634
159.986 61.438278595696495
160.098 61.49490373725934
160.187 61.55152887882219
160.289 61.60815402038505
160.387 61.664779161947905
160.488 61.72140430351077
160.594 61.778029445073614
160.686 61.83465458663646
160.797 61.89127972819932
160.887 61.94790486976217
160.991 62.00453001132503
161.095 62.06115515288788
161.201 62.11778029445073
161.302 62.17440543601359
161.4 62.23103057757644
161.514 62.2876557191393
161.608 62.34428086070215
161.688 62.40090600226501
161.785 62.45753114382786
161.894 62.51415628539071
161.985 62.57078142695357
162.091 62.62740656851642
162.205 62.68403171007928
162.29 62.74065685164213
162.394 62.797281993204976
162.487 62.85390713476784
162.589 62.91053227633069
162.689 62.967157417893546
162.787 63.0237825594564
162.941 63.08040770101925
163.118 63.13703284258211
163.233 63.193657984144956
163.259 63.25028312570782
163.306 63.306908267270664
163.399 63.36353340883352
163.488 63.42015855039638
163.589 63.47678369195923
163.695 63.53340883352209
163.788 63.590033975084935
163.887 63.6466591166478
163.987 63.703284258210644
164.101 63.7599093997735
164.198 63.81653454133635
164.288 63.87315968289921
164.386 63.92978482446207
164.499 63.986409966024915
164.589 64.04303510758777
164.691 64.09966024915063
164.818 64.15628539071348
164.887 64.21291053227634
164.985 64.26953567383919
165.09 64.32616081540203
165.188 64.3827859569649
165.287 64.43941109852774
165.387 64.4960362400906
165.514 64.55266138165345
165.588 64.6092865232163
165.69 64.66591166477916
165.79 64.722536806342
165.892 64.77916194790487
165.999 64.83578708946773
166.087 64.89241223103058
166.203 64.94903737259344
166.293 65.00566251415628
166.387 65.06228765571915
166.492 65.118912797282
166.596 65.17553793884485
166.689 65.2321630804077
166.792 65.28878822197055
166.901 65.34541336353341
166.988 65.40203850509626
167.089 65.45866364665912
167.188 65.51528878822197
167.285 65.57191392978481
167.388 65.62853907134767
167.487 65.68516421291054
167.596 65.74178935447338
167.691 65.79841449603624
167.786 65.85503963759909
167.888 65.91166477916195
167.986 65.9682899207248
168.092 66.02491506228766
168.189 66.08154020385051
168.305 66.13816534541337
168.388 66.19479048697622
168.488 66.25141562853906
168.592 66.30804077010193
168.695 66.36466591166477
168.788 66.42129105322763
168.886 66.47791619479048
169.02 66.53454133635334
169.088 66.5911664779162
169.196 66.64779161947905
169.297 66.70441676104191
169.398 66.76104190260476
169.486 66.8176670441676
169.586 66.87429218573047
169.718 66.93091732729332
169.787 66.98754246885618
169.889 67.04416761041902
169.989 67.10079275198187
170.091 67.15741789354473
170.195 67.21404303510758
170.3 67.27066817667044
170.447 67.32729331823329
170.545 67.38391845979615
170.638 67.44054360135901
170.744 67.49716874292186
170.848 67.55379388448472
170.987 67.61041902604757
171.049 67.66704416761043
171.09 67.72366930917327
171.228 67.78029445073612
171.298 67.83691959229898
171.39 67.89354473386183
171.493 67.95016987542469
171.592 68.00679501698754
171.688 68.06342015855039
171.797 68.12004530011325
171.925 68.1766704416761
172.181 68.23329558323896
172.276 68.28992072480182
172.381 68.34654586636466
172.536 68.40317100792753
172.609 68.45979614949037
172.639 68.51642129105323
172.661 68.57304643261608
172.69 68.62967157417894
172.798 68.68629671574179
172.885 68.74292185730464
172.991 68.7995469988675
173.086 68.85617214043035
173.186 68.9127972819932
173.286 68.96942242355605
173.392 69.02604756511892
173.494 69.08267270668176
173.586 69.13929784824462
173.687 69.19592298980749
173.786 69.25254813137033
173.898 69.30917327293318
174.155 69.36579841449604
174.216 69.42242355605889
174.256 69.47904869762175
174.291 69.5356738391846
174.388 69.59229898074744
174.49 69.6489241223103
174.604 69.70554926387315
174.687 69.76217440543601
174.789 69.81879954699886
174.886 69.87542468856172
174.998 69.93204983012458
175.09 69.98867497168743
175.186 70.04530011325029
175.308 70.10192525481314
175.389 70.158550396376
175.494 70.21517553793885
175.588 70.2718006795017
175.702 70.32842582106456
175.842 70.3850509626274
175.983 70.44167610419026
176.023 70.49830124575311
176.117 70.55492638731596
176.24 70.61155152887882
176.292 70.66817667044167
176.384 70.72480181200453
176.486 70.78142695356739
176.598 70.83805209513024
176.689 70.8946772366931
176.786 70.95130237825595
176.886 71.00792751981881
176.985 71.06455266138165
177.088 71.1211778029445
177.187 71.17780294450736
177.321 71.23442808607021
177.387 71.29105322763307
177.502 71.34767836919592
177.602 71.40430351075878
177.706 71.46092865232163
177.812 71.51755379388447
177.923 71.57417893544734
178.019 71.6308040770102
178.139 71.68742921857304
178.313 71.7440543601359
178.4 71.80067950169875
178.497 71.85730464326161
178.634 71.91392978482446
178.759 71.97055492638732
178.863 72.02718006795017
178.95 72.08380520951302
179.197 72.14043035107588
179.28 72.19705549263873
179.499 72.25368063420159
179.522 72.31030577576443
179.557 72.3669309173273
179.585 72.42355605889014
179.639 72.480181200453
179.689 72.53680634201586
179.784 72.59343148357871
179.882 72.65005662514157
180.041 72.70668176670442
181.751 72.76330690826727
181.94 72.81993204983013
182.004 72.87655719139298
182.095 72.93318233295584
182.215 72.98980747451868
182.352 73.04643261608153
182.446 73.1030577576444
182.58 73.15968289920724
182.663 73.2163080407701
182.757 73.27293318233295
182.873 73.32955832389581
182.895 73.38618346545867
182.916 73.44280860702152
182.954 73.49943374858438
182.973 73.55605889014723
183.019 73.61268403171007
183.112 73.66930917327294
183.216 73.72593431483578
183.305 73.78255945639864
183.4 73.83918459796149
183.493 73.89580973952435
183.588 73.9524348810872
183.685 74.00906002265005
183.792 74.06568516421291
183.872 74.12231030577576
183.967 74.17893544733862
184.066 74.23556058890148
184.161 74.29218573046433
184.346 74.34881087202719
184.432 74.40543601359003
184.537 74.4620611551529
184.625 74.51868629671574
184.645 74.57531143827859
184.664 74.63193657984145
184.683 74.6885617214043
184.708 74.74518686296716
184.731 74.80181200453
184.75 74.85843714609285
184.769 74.91506228765572
184.788 74.97168742921858
184.813 75.02831257078142
184.833 75.08493771234428
184.851 75.14156285390715
184.871 75.19818799547
184.888 75.25481313703284
184.912 75.3114382785957
184.933 75.36806342015855
184.951 75.42468856172141
184.974 75.48131370328426
184.993 75.5379388448471
185.017 75.59456398640997
185.036 75.65118912797281
185.12 75.70781426953567
185.222 75.76443941109852
185.319 75.82106455266138
185.423 75.87768969422424
185.521 75.93431483578709
185.622 75.99093997734995
185.72 76.0475651189128
185.821 76.10419026047565
185.922 76.16081540203851
186.021 76.21744054360136
186.119 76.27406568516422
186.222 76.33069082672706
186.318 76.38731596828993
186.42 76.44394110985277
186.518 76.50056625141562
186.621 76.55719139297848
186.72 76.61381653454133
186.82 76.67044167610419
186.92 76.72706681766705
187.021 76.7836919592299
187.122 76.84031710079276
187.221 76.8969422423556
187.322 76.95356738391847
187.42 77.01019252548132
187.521 77.06681766704416
187.619 77.12344280860702
187.719 77.18006795016987
187.819 77.23669309173273
187.918 77.29331823329558
188.021 77.34994337485843
188.118 77.40656851642129
188.223 77.46319365798414
188.325 77.519818799547
188.424 77.57644394110986
188.53 77.6330690826727
188.755 77.68969422423557
188.827 77.74631936579841
188.86 77.80294450736127
188.92 77.85956964892412
189.023 77.91619479048698
189.12 77.97281993204983
189.225 78.02944507361268
189.32 78.08607021517554
189.419 78.14269535673839
189.519 78.19932049830125
189.62 78.2559456398641
189.719 78.31257078142696
189.82 78.3691959229898
189.922 78.42582106455266
190.022 78.48244620611553
190.119 78.53907134767837
190.219 78.59569648924122
190.321 78.65232163080408
190.418 78.70894677236693
190.522 78.76557191392979
190.62 78.82219705549264
190.718 78.8788221970555
190.823 78.93544733861835
190.919 78.99207248018119
191.02 79.04869762174405
191.119 79.1053227633069
191.225 79.16194790486976
191.32 79.21857304643261
191.42 79.27519818799547
191.521 79.33182332955833
191.619 79.38844847112118
191.752 79.44507361268404
191.821 79.50169875424689
191.921 79.55832389580974
192.022 79.6149490373726
192.12 79.67157417893544
192.219 79.7281993204983
192.321 79.78482446206115
192.421 79.841449603624
192.518 79.89807474518686
192.626 79.95469988674971
192.719 80.01132502831257
192.817 80.06795016987542
192.921 80.12457531143828
193.018 80.18120045300114
193.124 80.23782559456399
193.22 80.29445073612685
193.317 80.3510758776897
193.42 80.40770101925256
193.519 80.4643261608154
193.622 80.52095130237825
193.719 80.57757644394111
193.823 80.63420158550396
193.924 80.69082672706682
194.022 80.74745186862967
194.12 80.80407701019251
194.219 80.86070215175538
194.323 80.91732729331824
194.42 80.97395243488108
194.52 81.03057757644395
194.619 81.0872027180068
194.723 81.14382785956965
194.817 81.2004530011325
194.921 81.25707814269536
195.021 81.31370328425821
195.121 81.37032842582106
195.23 81.42695356738392
195.321 81.48357870894677
195.421 81.54020385050963
195.52 81.59682899207247
195.632 81.65345413363534
195.722 81.71007927519818
195.821 81.76670441676104
195.922 81.8233295583239
196.02 81.87995469988675
196.118 81.93657984144961
196.219 81.99320498301246
196.322 82.04983012457531
196.422 82.10645526613817
196.52 82.16308040770102
196.62 82.21970554926388
196.721 82.27633069082673
196.82 82.33295583238957
196.921 82.38958097395243
197.019 82.44620611551528
197.127 82.50283125707814
197.22 82.55945639864099
197.319 82.61608154020385
197.421 82.67270668176671
197.522 82.72933182332956
197.619 82.78595696489242
197.721 82.84258210645527
197.818 82.89920724801813
197.921 82.95583238958098
198.021 83.01245753114382
198.124 83.06908267270668
198.221 83.12570781426953
198.325 83.1823329558324
198.455 83.23895809739524
198.553 83.29558323895809
198.652 83.35220838052095
198.747 83.4088335220838
198.825 83.46545866364666
198.922 83.52208380520952
199.019 83.57870894677237
199.127 83.63533408833523
199.22 83.69195922989807
199.321 83.74858437146094
199.421 83.80520951302378
199.526 83.86183465458663
199.622 83.91845979614949
199.721 83.97508493771234
199.818 84.0317100792752
199.943 84.08833522083805
200.019 84.14496036240091
200.169 84.20158550396376
200.222 84.25821064552662
200.328 84.31483578708946
200.422 84.37146092865233
200.52 84.42808607021519
200.626 84.48471121177803
200.725 84.54133635334088
200.821 84.59796149490374
200.925 84.65458663646659
201.035 84.71121177802945
201.126 84.7678369195923
201.223 84.82446206115515
201.323 84.881087202718
201.42 84.93771234428085
201.528 84.99433748584372
201.62 85.05096262740656
201.721 85.10758776896942
201.822 85.16421291053227
201.927 85.22083805209513
202.019 85.277463193658
202.12 85.33408833522084
202.219 85.3907134767837
202.327 85.44733861834655
202.426 85.5039637599094
202.523 85.56058890147226
202.624 85.6172140430351
202.729 85.67383918459797
202.824 85.73046432616081
202.927 85.78708946772366
203.023 85.84371460928652
203.13 85.90033975084937
203.225 85.95696489241223
203.325 86.01359003397508
203.423 86.07021517553794
203.528 86.1268403171008
203.623 86.18346545866365
203.723 86.24009060022651
203.825 86.29671574178936
203.928 86.3533408833522
204.026 86.40996602491506
204.123 86.46659116647791
204.224 86.52321630804077
204.331 86.57984144960362
204.422 86.63646659116648
204.525 86.69309173272933
204.623 86.74971687429218
204.733 86.80634201585504
204.823 86.8629671574179
204.926 86.91959229898075
205.024 86.9762174405436
205.131 87.03284258210645
205.223 87.08946772366932
205.322 87.14609286523216
205.426 87.20271800679502
205.527 87.25934314835787
205.633 87.31596828992072
205.723 87.37259343148358
205.822 87.42921857304643
205.929 87.48584371460929
206.025 87.54246885617214
206.126 87.59909399773498
206.227 87.65571913929784
206.325 87.7123442808607
206.426 87.76896942242357
206.55 87.82559456398641
206.676 87.88221970554928
206.761 87.93884484711212
206.913 87.99546998867497
207.04 88.05209513023783
207.096 88.10872027180068
207.196 88.16534541336354
207.321 88.22197055492639
207.367 88.27859569648923
207.428 88.3352208380521
207.524 88.39184597961494
207.621 88.4484711211778
207.724 88.50509626274065
207.829 88.56172140430351
207.923 88.61834654586637
208.019 88.67497168742922
208.124 88.73159682899208
208.229 88.78822197055493
208.324 88.84484711211778
208.422 88.90147225368064
208.524 88.95809739524348
208.629 89.01472253680635
208.723 89.0713476783692
208.828 89.12797281993205
208.931 89.1845979614949
209.025 89.24122310305775
209.161 89.29784824462061
209.224 89.35447338618346
209.325 89.41109852774632
209.425 89.46772366930918
209.522 89.52434881087203
209.646 89.58097395243489
209.721 89.63759909399774
209.824 89.6942242355606
209.922 89.75084937712344
210.02 89.80747451868629
210.184 89.86409966024915
210.224 89.920724801812
210.32 89.97734994337486
210.421 90.03397508493771
210.522 90.09060022650056
210.628 90.14722536806342
210.722 90.20385050962628
210.823 90.26047565118913
210.922 90.31710079275199
211.021 90.37372593431483
211.128 90.4303510758777
211.222 90.48697621744054
211.322 90.5436013590034
211.423 90.60022650056625
211.528 90.65685164212911
211.627 90.71347678369196
211.727 90.7701019252548
211.825 90.82672706681767
211.926 90.88335220838051
212.023 90.93997734994338
212.139 90.99660249150622
212.221 91.05322763306908
212.329 91.10985277463193
212.423 91.1664779161948
212.521 91.22310305775765
212.623 91.2797281993205
212.722 91.33635334088335
212.824 91.39297848244621
212.921 91.44960362400906
213.023 91.50622876557192
213.124 91.56285390713477
213.221 91.61947904869761
213.327 91.67610419026047
213.421 91.73272933182332
213.521 91.78935447338618
213.62 91.84597961494903
213.723 91.90260475651189
213.821 91.95922989807474
213.922 92.0158550396376
214.027 92.07248018120046
214.123 92.12910532276331
214.222 92.18573046432617
214.324 92.24235560588902
214.422 92.29898074745186
214.523 92.35560588901473
214.622 92.41223103057757
214.723 92.46885617214043
214.828 92.52548131370328
214.926 92.58210645526613
215.022 92.63873159682899
215.127 92.69535673839184
215.226 92.7519818799547
215.329 92.80860702151756
215.43 92.8652321630804
215.546 92.92185730464327
215.634 92.97848244620612
215.768 93.03510758776898
215.895 93.09173272933182
216.002 93.14835787089469
216.096 93.20498301245753
216.204 93.26160815402038
216.282 93.31823329558324
216.384 93.37485843714609
216.431 93.43148357870895
216.52 93.4881087202718
216.622 93.54473386183464
216.723 93.6013590033975
216.822 93.65798414496037
216.922 93.71460928652323
217.025 93.77123442808607
217.121 93.82785956964892
217.222 93.88448471121178
217.32 93.94110985277463
217.421 93.99773499433749
217.524 94.05436013590034
217.623 94.11098527746319
217.723 94.16761041902605
217.827 94.2242355605889
217.921 94.28086070215176
218.021 94.3374858437146
218.127 94.39411098527746
218.221 94.45073612684031
218.322 94.50736126840317
218.42 94.56398640996603
218.521 94.62061155152888
218.621 94.67723669309174
218.721 94.73386183465459
218.823 94.79048697621744
218.922 94.8471121177803
219.021 94.90373725934315
219.123 94.960362400906
219.225 95.01698754246885
219.324 95.0736126840317
219.419 95.13023782559456
219.521 95.18686296715741
219.622 95.24348810872027
219.722 95.30011325028312
219.822 95.35673839184598
219.924 95.41336353340884
220.022 95.46998867497169
220.123 95.52661381653455
220.23 95.5832389580974
220.322 95.63986409966026
220.423 95.6964892412231
220.524 95.75311438278595
220.62 95.80973952434881
220.722 95.86636466591166
220.823 95.92298980747452
220.922 95.97961494903737
221.021 96.03624009060022
221.124 96.09286523216308
221.232 96.14949037372594
221.324 96.20611551528879
221.45 96.26274065685165
221.521 96.3193657984145
221.623 96.37599093997736
221.726 96.4326160815402
221.821 96.48924122310306
221.924 96.54586636466591
222.021 96.60249150622876
222.126 96.65911664779162
222.223 96.71574178935447
222.323 96.77236693091733
222.426 96.82899207248018
222.522 96.88561721404304
222.623 96.94224235560588
222.722 96.99886749716875
222.832 97.0554926387316
222.928 97.11211778029445
223.021 97.16874292185732
223.126 97.22536806342016
223.221 97.28199320498301
223.321 97.33861834654587
223.42 97.39524348810872
223.522 97.45186862967158
223.653 97.50849377123443
223.721 97.56511891279727
223.821 97.62174405436014
223.922 97.67836919592298
224.021 97.73499433748584
224.215 97.79161947904869
224.241 97.84824462061155
224.324 97.9048697621744
224.428 97.96149490373726
224.524 98.01812004530012
224.621 98.07474518686297
224.719 98.13137032842583
224.829 98.18799546998868
224.927 98.24462061155153
225.021 98.30124575311439
225.121 98.35787089467723
225.222 98.4144960362401
225.321 98.47112117780294
225.421 98.52774631936579
225.523 98.58437146092865
225.622 98.6409966024915
225.723 98.69762174405436
225.821 98.75424688561722
225.922 98.81087202718007
226.021 98.86749716874293
226.125 98.92412231030578
226.23 98.98074745186864
226.33 99.03737259343148
226.421 99.09399773499433
226.522 99.1506228765572
226.626 99.20724801812004
226.722 99.2638731596829
226.823 99.32049830124575
226.922 99.37712344280861
227.023 99.43374858437146
227.123 99.4903737259343
227.222 99.54699886749717
227.323 99.60362400906003
227.444 99.66024915062289
227.531 99.71687429218574
227.633 99.77349943374858
227.731 99.83012457531144
227.832 99.88674971687429
227.931 99.94337485843715
228.931 100.0
