128.51 0.061957868649318466
128.522 0.12391573729863693
128.533 0.18587360594795538
128.545 0.24783147459727387
128.563 0.30978934324659235
128.57 0.37174721189591076
128.59 0.43370508054522927
128.618 0.49566294919454773
128.648 0.5576208178438662
128.672 0.6195786864931847
128.704 0.6815365551425031
128.734 0.7434944237918215
128.765 0.8054522924411399
128.791 0.8674101610904585
128.82 0.929368029739777
128.848 0.9913258983890955
128.871 1.0532837670384139
128.894 1.1152416356877324
128.916 1.1771995043370507
128.943 1.2391573729863694
128.967 1.3011152416356877
128.989 1.3630731102850062
129.011 1.4250309789343247
129.034 1.486988847583643
129.057 1.5489467162329618
129.083 1.6109045848822798
129.106 1.6728624535315983
129.128 1.734820322180917
129.149 1.7967781908302356
129.171 1.858736059479554
129.195 1.9206939281288724
129.218 1.982651796778191
129.243 2.0446096654275094
129.269 2.1065675340768277
129.301 2.168525402726146
129.323 2.2304832713754648
129.35 2.292441140024783
129.373 2.3543990086741013
129.396 2.41635687732342
129.419 2.478314745972739
129.441 2.540272614622057
129.469 2.6022304832713754
129.492 2.664188351920694
129.519 2.7261462205700124
129.542 2.7881040892193307
129.563 2.8500619578686495
129.587 2.9120198265179678
129.613 2.973977695167286
129.637 3.0359355638166043
129.659 3.0978934324659235
129.681 3.1598513011152414
129.702 3.2218091697645597
129.724 3.2837670384138784
129.751 3.3457249070631967
129.772 3.407682775712516
129.794 3.469640644361834
129.815 3.5315985130111525
129.836 3.593556381660471
129.863 3.6555142503097895
129.886 3.717472118959108
129.908 3.7794299876084265
129.929 3.841387856257745
129.952 3.903345724907063
129.975 3.965303593556382
129.998 4.027261462205701
130.02 4.089219330855019
130.045 4.151177199504337
130.066 4.2131350681536555
130.088 4.275092936802974
130.112 4.337050805452292
130.135 4.39900867410161
130.157 4.4609665427509295
130.178 4.522924411400248
130.202 4.584882280049566
130.224 4.646840148698884
130.252 4.708798017348203
130.275 4.770755885997522
130.298 4.83271375464684
130.322 4.8946716232961585
130.343 4.956629491945478
130.365 5.018587360594796
130.388 5.080545229244114
130.411 5.1425030978934325
130.434 5.204460966542751
130.457 5.266418835192069
130.479 5.328376703841388
130.504 5.390334572490707
130.529 5.452292441140025
130.552 5.514250309789343
130.574 5.5762081784386615
130.596 5.63816604708798
130.618 5.700123915737299
130.645 5.762081784386617
130.667 5.8240396530359355
130.69 5.885997521685254
130.712 5.947955390334572
130.734 6.00991325898389
130.759 6.071871127633209
130.784 6.133828996282528
130.807 6.195786864931847
130.828 6.257744733581165
130.852 6.319702602230483
130.874 6.381660470879802
130.9 6.443618339529119
130.924 6.5055762081784385
130.947 6.567534076827757
130.971 6.629491945477076
130.995 6.691449814126393
131.017 6.753407682775713
131.043 6.815365551425032
131.067 6.877323420074349
131.094 6.939281288723668
131.119 7.001239157372987
131.141 7.063197026022305
131.167 7.125154894671623
131.195 7.187112763320942
131.217 7.24907063197026
131.241 7.311028500619579
131.266 7.372986369268897
131.288 7.434944237918216
131.312 7.496902106567534
131.337 7.558859975216853
131.359 7.6208178438661704
131.381 7.68277571251549
131.403 7.744733581164807
131.432 7.806691449814126
131.456 7.8686493184634445
131.481 7.930607187112764
131.504 7.992565055762081
131.527 8.054522924411401
131.55 8.116480793060719
131.577 8.178438661710038
131.601 8.240396530359357
131.623 8.302354399008674
131.649 8.364312267657994
131.671 8.426270136307311
131.693 8.48822800495663
131.718 8.550185873605948
131.744 8.612143742255267
131.766 8.674101610904584
131.788 8.736059479553903
131.81 8.79801734820322
131.837 8.85997521685254
131.861 8.921933085501859
131.89 8.983890954151178
131.917 9.045848822800496
131.94 9.107806691449815
131.965 9.169764560099132
131.991 9.231722428748451
132.017 9.293680297397769
132.04 9.355638166047088
132.064 9.417596034696405
132.088 9.479553903345725
132.111 9.541511771995044
132.137 9.603469640644361
132.163 9.66542750929368
132.185 9.727385377942998
132.212 9.789343246592317
132.234 9.851301115241636
132.257 9.913258983890955
132.284 9.975216852540273
132.312 10.037174721189592
132.335 10.09913258983891
132.357 10.161090458488228
132.379 10.223048327137546
132.405 10.285006195786865
132.429 10.346964064436182
132.452 10.408921933085502
132.474 10.470879801734819
132.498 10.532837670384138
132.52 10.594795539033457
132.545 10.656753407682777
132.567 10.718711276332094
132.59 10.780669144981413
132.615 10.842627013630732
132.637 10.90458488228005
132.667 10.966542750929369
132.696 11.028500619578686
132.719 11.090458488228006
132.742 11.152416356877323
132.765 11.214374225526642
132.791 11.27633209417596
132.815 11.338289962825279
132.838 11.400247831474598
132.86 11.462205700123915
132.883 11.524163568773234
132.906 11.586121437422554
132.93 11.648079306071871
132.955 11.71003717472119
132.977 11.771995043370508
132.999 11.833952912019827
133.021 11.895910780669144
133.047 11.957868649318463
133.069 12.01982651796778
133.096 12.0817843866171
133.12 12.143742255266417
133.143 12.205700123915737
133.165 12.267657992565056
133.187 12.329615861214375
133.21 12.391573729863694
133.236 12.453531598513012
133.261 12.51548946716233
133.285 12.577447335811648
133.307 12.639405204460965
133.329 12.701363073110286
133.358 12.763320941759604
133.381 12.825278810408921
133.402 12.887236679058239
133.424 12.94919454770756
133.447 13.011152416356877
133.472 13.073110285006194
133.496 13.135068153655514
133.519 13.197026022304833
133.542 13.258983890954152
133.566 13.32094175960347
133.59 13.382899628252787
133.619 13.444857496902108
133.647 13.506815365551425
133.67 13.568773234200743
133.692 13.630731102850064
133.716 13.692688971499381
133.737 13.754646840148698
133.763 13.816604708798016
133.787 13.878562577447337
133.809 13.940520446096654
133.832 14.002478314745973
133.854 14.06443618339529
133.876 14.12639405204461
133.898 14.188351920693929
133.927 14.250309789343246
133.956 14.312267657992564
133.98 14.374225526641885
134.003 14.436183395291202
134.025 14.49814126394052
134.047 14.560099132589837
134.089 14.622057001239158
134.116 14.684014869888475
134.139 14.745972738537795
134.162 14.807930607187112
134.186 14.869888475836431
134.212 14.93184634448575
134.238 14.993804213135068
134.264 15.055762081784389
134.289 15.117719950433706
134.312 15.179677819083023
134.341 15.241635687732341
134.364 15.303593556381662
134.39 15.36555142503098
134.413 15.427509293680297
134.436 15.489467162329614
134.458 15.551425030978935
134.48 15.613382899628252
134.503 15.675340768277572
134.525 15.737298636926889
134.554 15.79925650557621
134.579 15.861214374225527
134.601 15.923172242874845
134.623 15.985130111524162
134.648 16.047087980173483
134.671 16.109045848822802
134.697 16.171003717472118
134.72 16.232961586121437
134.742 16.294919454770756
134.769 16.356877323420075
134.792 16.41883519206939
134.818 16.480793060718714
134.841 16.54275092936803
134.864 16.60470879801735
134.887 16.666666666666664
134.91 16.728624535315987
134.932 16.790582403965303
134.963 16.852540272614622
134.987 16.91449814126394
135.01 16.97645600991326
135.033 17.03841387856258
135.059 17.100371747211895
135.08 17.162329615861214
135.102 17.224287484510533
135.128 17.286245353159853
135.152 17.348203221809168
135.175 17.410161090458487
135.199 17.472118959107807
135.222 17.534076827757126
135.249 17.59603469640644
135.275 17.657992565055764
135.298 17.71995043370508
135.321 17.7819083023544
135.344 17.843866171003718
135.37 17.905824039653037
135.392 17.967781908302356
135.419 18.029739776951672
135.443 18.09169764560099
135.465 18.15365551425031
135.49 18.21561338289963
135.513 18.277571251548945
135.535 18.339529120198264
135.557 18.401486988847584
135.58 18.463444857496903
135.603 18.52540272614622
135.628 18.587360594795538
135.654 18.649318463444857
135.675 18.711276332094176
135.699 18.773234200743495
135.721 18.83519206939281
135.742 18.897149938042133
135.765 18.95910780669145
135.791 19.02106567534077
135.815 19.083023543990087
135.837 19.144981412639407
135.859 19.206939281288722
135.882 19.26889714993804
135.905 19.33085501858736
135.93 19.39281288723668
135.954 19.454770755885995
135.976 19.516728624535315
135.999 19.578686493184634
136.021 19.640644361833953
136.043 19.702602230483272
136.073 19.764560099132588
136.096 19.82651796778191
136.12 19.888475836431226
136.141 19.950433705080545
136.163 20.01239157372986
136.192 20.074349442379184
136.219 20.1363073110285
136.243 20.19826517967782
136.267 20.260223048327138
136.29 20.322180916976457
136.313 20.384138785625776
136.335 20.44609665427509
136.358 20.50805452292441
136.383 20.57001239157373
136.406 20.63197026022305
136.428 20.693928128872365
136.45 20.755885997521688
136.473 20.817843866171003
136.495 20.879801734820322
136.521 20.941759603469638
136.544 21.00371747211896
136.566 21.065675340768276
136.588 21.127633209417596
136.61 21.189591078066915
136.633 21.251548946716234
136.66 21.313506815365553
136.686 21.37546468401487
136.708 21.437422552664188
136.731 21.499380421313507
136.754 21.561338289962826
136.781 21.623296158612142
136.804 21.685254027261465
136.828 21.74721189591078
136.851 21.8091697645601
136.874 21.871127633209415
136.9 21.933085501858738
136.924 21.995043370508053
136.947 22.057001239157373
136.969 22.118959107806692
136.993 22.18091697645601
137.019 22.24287484510533
137.042 22.304832713754646
137.069 22.366790582403965
137.093 22.428748451053284
137.115 22.490706319702603
137.137 22.55266418835192
137.159 22.614622057001238
137.182 22.676579925650557
137.21 22.738537794299877
137.233 22.800495662949196
137.257 22.86245353159851
137.285 22.92441140024783
137.309 22.98636926889715
137.337 23.04832713754647
137.37 23.110285006195788
137.397 23.172242874845107
137.421 23.234200743494423
137.443 23.296158612143742
137.465 23.35811648079306
137.488 23.42007434944238
137.51 23.482032218091696
137.534 23.543990086741015
137.558 23.605947955390334
137.581 23.667905824039654
137.604 23.729863692688973
137.631 23.79182156133829
137.658 23.85377942998761
137.682 23.915737298636927
137.704 23.977695167286246
137.727 24.03965303593556
137.748 24.101610904584884
137.771 24.1635687732342
137.795 24.22552664188352
137.821 24.287484510532835
137.845 24.349442379182157
137.871 24.411400247831473
137.893 24.473358116480792
137.918 24.53531598513011
137.941 24.59727385377943
137.964 24.65923172242875
137.988 24.721189591078065
138.014 24.783147459727388
138.038 24.845105328376704
138.061 24.907063197026023
138.084 24.96902106567534
138.106 25.03097893432466
138.129 25.092936802973973
138.152 25.154894671623296
138.181 25.216852540272615
138.204 25.27881040892193
138.23 25.34076827757125
138.256 25.402726146220573
138.28 25.46468401486989
138.306 25.526641883519208
138.332 25.588599752168523
138.365 25.650557620817843
138.39 25.712515489467165
138.415 25.774473358116477
138.438 25.8364312267658
138.461 25.89838909541512
138.485 25.960346964064435
138.512 26.022304832713754
138.536 26.084262701363077
138.564 26.14622057001239
138.588 26.20817843866171
138.611 26.270136307311027
138.638 26.332094175960346
138.661 26.394052044609666
138.69 26.45600991325898
138.713 26.517967781908304
138.737 26.579925650557623
138.761 26.64188351920694
138.784 26.703841387856258
138.81 26.765799256505574
138.834 26.827757125154893
138.861 26.889714993804215
138.889 26.95167286245353
138.914 27.01363073110285
138.938 27.07558859975217
138.96 27.137546468401485
138.982 27.199504337050804
139.004 27.261462205700127
139.032 27.323420074349443
139.057 27.385377942998762
139.082 27.447335811648077
139.105 27.509293680297397
139.129 27.57125154894672
139.152 27.63320941759603
139.175 27.695167286245354
139.203 27.757125154894673
139.226 27.81908302354399
139.25 27.881040892193308
139.275 27.942998760842624
139.298 28.004956629491947
139.324 28.066914498141266
139.351 28.12887236679058
139.378 28.1908302354399
139.41 28.25278810408922
139.434 28.314745972738535
139.457 28.376703841387858
139.48 28.438661710037177
139.502 28.500619578686493
139.524 28.562577447335812
139.549 28.624535315985128
139.572 28.686493184634447
139.595 28.74845105328377
139.622 28.810408921933085
139.648 28.872366790582404
139.672 28.934324659231724
139.694 28.99628252788104
139.72 29.058240396530362
139.743 29.120198265179674
139.766 29.182156133828997
139.788 29.244114002478316
139.81 29.30607187112763
139.833 29.36802973977695
139.855 29.429987608426273
139.882 29.49194547707559
139.906 29.55390334572491
139.929 29.615861214374224
139.953 29.677819083023543
139.976 29.739776951672862
139.999 29.801734820322178
140.021 29.8636926889715
140.046 29.92565055762082
140.071 29.987608426270135
140.094 30.049566294919455
140.123 30.111524163568777
140.146 30.17348203221809
140.169 30.235439900867412
140.198 30.297397769516728
140.222 30.359355638166047
140.247 30.421313506815366
140.271 30.483271375464682
140.295 30.545229244114005
140.322 30.607187112763324
140.345 30.66914498141264
140.371 30.73110285006196
140.395 30.793060718711274
140.419 30.855018587360593
140.445 30.916976456009916
140.468 30.978934324659228
140.496 31.04089219330855
140.523 31.10285006195787
140.55 31.164807930607186
140.575 31.226765799256505
140.599 31.288723667905828
140.623 31.350681536555143
140.647 31.412639405204462
140.673 31.474597273853778
140.701 31.536555142503097
140.725 31.59851301115242
140.75 31.660470879801732
140.774 31.722428748451055
140.797 31.784386617100374
140.82 31.84634448574969
140.845 31.90830235439901
140.872 31.970260223048324
140.896 32.032218091697644
140.921 32.094175960346966
140.944 32.15613382899628
140.968 32.218091697645605
140.992 32.28004956629492
141.019 32.342007434944236
141.049 32.40396530359356
141.073 32.465923172242874
141.097 32.52788104089219
141.121 32.58983890954151
141.145 32.65179677819083
141.171 32.71375464684015
141.196 32.77571251548947
141.224 32.83767038413878
141.25 32.899628252788105
141.275 32.96158612143743
141.298 33.02354399008674
141.322 33.08550185873606
141.347 33.147459727385375
141.374 33.2094175960347
141.4 33.27137546468401
141.426 33.33333333333333
141.451 33.39529120198265
141.476 33.457249070631974
141.5 33.51920693928129
141.53 33.581164807930605
141.556 33.64312267657992
141.582 33.705080545229244
141.605 33.767038413878566
141.63 33.82899628252788
141.659 33.8909541511772
141.686 33.95291201982652
141.712 34.014869888475836
141.737 34.07682775712516
141.76 34.138785625774474
141.784 34.20074349442379
141.808 34.26270136307311
141.835 34.32465923172243
141.865 34.386617100371744
141.891 34.44857496902107
141.916 34.51053283767038
141.941 34.572490706319705
141.968 34.63444857496902
141.992 34.696406443618336
142.016 34.75836431226766
142.045 34.820322180916975
142.071 34.8822800495663
142.097 34.94423791821561
142.122 35.00619578686493
142.146 35.06815365551425
142.17 35.130111524163574
142.194 35.19206939281288
142.226 35.254027261462205
142.253 35.31598513011153
142.279 35.377942998760844
142.307 35.43990086741016
142.332 35.501858736059475
142.362 35.5638166047088
142.391 35.62577447335812
142.42 35.687732342007436
142.447 35.74969021065675
142.473 35.811648079306075
142.505 35.87360594795539
142.53 35.93556381660471
142.554 35.99752168525402
142.578 36.059479553903344
142.608 36.12143742255267
142.634 36.18339529120198
142.657 36.2453531598513
142.682 36.30731102850062
142.71 36.36926889714994
142.738 36.43122676579926
142.767 36.493184634448575
142.794 36.55514250309789
142.82 36.61710037174721
142.847 36.67905824039653
142.873 36.74101610904585
142.899 36.80297397769517
142.927 36.86493184634448
142.959 36.926889714993806
142.987 36.98884758364313
143.014 37.05080545229244
143.038 37.11276332094176
143.062 37.174721189591075
143.087 37.2366790582404
143.11 37.29863692688971
143.139 37.36059479553903
143.167 37.42255266418835
143.192 37.484510532837675
143.226 37.54646840148699
143.255 37.608426270136306
143.281 37.67038413878562
143.313 37.732342007434944
143.341 37.79429987608427
143.366 37.85625774473358
143.39 37.9182156133829
143.418 37.98017348203222
143.443 38.04213135068154
143.467 38.10408921933085
143.497 38.166047087980175
143.522 38.22800495662949
143.546 38.28996282527881
143.574 38.35192069392813
143.601 38.413878562577445
143.626 38.47583643122677
143.659 38.53779429987608
143.686 38.599752168525406
143.712 38.66171003717472
143.742 38.72366790582404
143.768 38.78562577447336
143.795 38.847583643122675
143.822 38.90954151177199
143.848 38.971499380421314
143.874 39.03345724907063
143.897 39.09541511771995
143.921 39.15737298636927
143.948 39.21933085501858
143.977 39.281288723667906
144.006 39.34324659231723
144.033 39.405204460966544
144.063 39.46716232961586
144.087 39.529120198265176
144.11 39.5910780669145
144.135 39.65303593556382
144.162 39.71499380421314
144.188 39.77695167286245
144.213 39.838909541511775
144.246 39.90086741016109
144.272 39.96282527881041
144.299 40.02478314745972
144.332 40.086741016109045
144.36 40.14869888475837
144.387 40.21065675340768
144.413 40.272614622057
144.441 40.33457249070632
144.466 40.39653035935564
144.494 40.45848822800496
144.52 40.520446096654275
144.544 40.58240396530359
144.571 40.644361833952914
144.597 40.70631970260223
144.621 40.76827757125155
144.648 40.83023543990087
144.675 40.89219330855018
144.699 40.954151177199506
144.726 41.01610904584882
144.751 41.07806691449814
144.781 41.14002478314746
144.808 41.201982651796776
144.836 41.2639405204461
144.861 41.325898389095414
144.887 41.38785625774473
144.912 41.44981412639405
144.937 41.511771995043375
144.961 41.57372986369269
144.985 41.63568773234201
145.008 41.69764560099132
145.035 41.759603469640645
145.06 41.82156133828997
145.085 41.883519206939276
145.11 41.9454770755886
145.134 42.00743494423792
145.157 42.06939281288724
145.182 42.13135068153655
145.212 42.193308550185876
145.236 42.25526641883519
145.261 42.317224287484514
145.286 42.37918215613383
145.311 42.441140024783145
145.336 42.50309789343247
145.36 42.56505576208178
145.39 42.627013630731106
145.415 42.68897149938042
145.439 42.75092936802974
145.469 42.81288723667906
145.492 42.874845105328376
145.516 42.93680297397769
145.539 42.998760842627014
145.567 43.06071871127633
145.594 43.12267657992565
145.619 43.18463444857497
145.643 43.246592317224284
145.667 43.30855018587361
145.69 43.37050805452293
145.714 43.432465923172245
145.742 43.49442379182156
145.77 43.556381660470876
145.795 43.6183395291202
145.819 43.68029739776952
145.843 43.74225526641883
145.867 43.80421313506815
145.891 43.866171003717476
145.919 43.92812887236679
145.944 43.99008674101611
145.968 44.05204460966542
145.992 44.114002478314745
146.017 44.17596034696407
146.045 44.237918215613384
146.07 44.2998760842627
146.099 44.36183395291202
146.125 44.42379182156134
146.151 44.48574969021066
146.175 44.54770755885997
146.198 44.60966542750929
146.222 44.671623296158614
146.245 44.73358116480793
146.273 44.795539033457246
146.299 44.85749690210657
146.324 44.919454770755884
146.349 44.98141263940521
146.373 45.04337050805452
146.397 45.10532837670384
146.422 45.16728624535316
146.452 45.229244114002476
146.479 45.2912019826518
146.504 45.353159851301115
146.533 45.41511771995043
146.557 45.47707558859975
146.581 45.539033457249076
146.605 45.60099132589839
146.636 45.66294919454771
146.66 45.72490706319702
146.685 45.786864931846345
146.709 45.84882280049566
146.732 45.91078066914498
146.757 45.9727385377943
146.78 46.03469640644362
146.811 46.09665427509294
146.835 46.15861214374225
146.86 46.220570012391576
146.885 46.28252788104089
146.909 46.344485749690215
146.934 46.40644361833953
146.958 46.468401486988846
146.987 46.53035935563817
147.011 46.592317224287484
147.035 46.6542750929368
147.058 46.71623296158612
147.082 46.77819083023544
147.105 46.84014869888476
147.133 46.90210656753408
147.158 46.96406443618339
147.182 47.026022304832715
147.206 47.08798017348203
147.23 47.14993804213135
147.256 47.21189591078067
147.28 47.273853779429984
147.307 47.33581164807931
147.332 47.39776951672863
147.355 47.459727385377946
147.38 47.52168525402726
147.403 47.58364312267658
147.427 47.6456009913259
147.454 47.70755885997522
147.479 47.76951672862453
147.502 47.83147459727385
147.526 47.893432465923176
147.553 47.95539033457249
147.579 48.01734820322181
147.607 48.07930607187112
147.631 48.141263940520446
147.654 48.20322180916977
147.679 48.265179677819084
147.703 48.3271375464684
147.727 48.38909541511772
147.754 48.45105328376704
147.779 48.51301115241636
147.803 48.57496902106567
147.826 48.63692688971499
147.85 48.698884758364315
147.873 48.76084262701363
147.895 48.822800495662946
147.921 48.88475836431227
147.946 48.946716232961585
147.969 49.00867410161091
147.993 49.07063197026022
148.017 49.13258983890954
148.04 49.19454770755886
148.07 49.25650557620818
148.095 49.3184634448575
148.12 49.380421313506815
148.145 49.44237918215613
148.169 49.504337050805454
148.193 49.566294919454776
148.224 49.628252788104085
148.249 49.69021065675341
148.277 49.75216852540272
148.302 49.814126394052046
148.326 49.87608426270136
148.346 49.93804213135068
148.359 50.0
158.197 50.06195786864932
158.778 50.12391573729864
158.855 50.18587360594795
158.875 50.24783147459727
158.904 50.30978934324659
158.924 50.371747211895915
158.946 50.43370508054523
158.965 50.49566294919455
159.061 50.55762081784386
159.088 50.619578686493185
159.126 50.6815365551425
159.155 50.74349442379182
159.245 50.805452292441146
159.344 50.867410161090454
159.447 50.92936802973978
159.555 50.99132589838909
159.659 51.053283767038415
159.753 51.11524163568774
159.854 51.17719950433705
159.954 51.23915737298637
160.041 51.301115241635685
160.151 51.36307311028501
160.247 51.42503097893433
160.347 51.486988847583646
160.44 51.548946716232955
160.544 51.61090458488228
160.643 51.6728624535316
160.744 51.734820322180916
160.852 51.79677819083024
160.945 51.85873605947955
161.047 51.92069392812887
161.168 51.98265179677819
161.298 52.04460966542751
161.359 52.10656753407683
161.451 52.168525402726154
161.569 52.23048327137546
161.694 52.29244114002478
161.786 52.3543990086741
161.907 52.41635687732342
161.96 52.478314745972746
162.043 52.540272614622054
162.153 52.60223048327137
162.279 52.66418835192069
162.35 52.726146220570016
162.446 52.78810408921933
162.544 52.850061957868654
162.678 52.91201982651796
162.741 52.973977695167285
162.841 53.03593556381661
162.964 53.09789343246592
163.045 53.159851301115246
163.144 53.221809169764555
163.248 53.28376703841388
163.347 53.3457249070632
163.446 53.407682775712516
163.542 53.46964064436184
163.641 53.53159851301115
163.747 53.59355638166047
163.857 53.655514250309785
163.943 53.71747211895911
164.041 53.77942998760843
164.141 53.84138785625775
164.243 53.90334572490706
164.37 53.96530359355638
164.448 54.0272614622057
164.542 54.08921933085502
164.644 54.15117719950434
164.745 54.21313506815365
164.852 54.27509293680297
164.941 54.33705080545229
165.044 54.39900867410161
165.143 54.46096654275093
165.245 54.522924411400254
165.344 54.58488228004956
165.447 54.646840148698885
165.545 54.7087980173482
165.644 54.770755885997524
165.742 54.832713754646846
165.843 54.894671623296155
165.959 54.95662949194548
166.043 55.01858736059479
166.16 55.080545229244116
166.25 55.14250309789344
166.342 55.20446096654275
166.444 55.26641883519206
166.543 55.328376703841386
166.644 55.39033457249071
166.751 55.45229244114003
166.866 55.51425030978935
166.953 55.576208178438655
167.039 55.63816604708798
167.144 55.7001239157373
167.248 55.762081784386616
167.341 55.82403965303594
167.441 55.88599752168525
167.542 55.94795539033457
167.65 56.00991325898389
167.741 56.07187112763321
167.841 56.13382899628253
167.944 56.195786864931854
168.041 56.25774473358116
168.143 56.31970260223048
168.245 56.3816604708798
168.346 56.443618339529124
168.445 56.50557620817844
168.541 56.567534076827755
168.666 56.62949194547707
168.75 56.69144981412639
168.842 56.753407682775716
168.942 56.81536555142503
169.044 56.877323420074354
169.141 56.93928128872366
169.241 57.001239157372986
169.343 57.06319702602231
169.444 57.125154894671624
169.541 57.18711276332095
169.643 57.249070631970255
169.763 57.31102850061958
169.844 57.372986369268894
169.941 57.43494423791822
170.042 57.49690210656754
170.142 57.55885997521685
170.251 57.62081784386617
170.353 57.682775712515486
170.496 57.74473358116481
170.569 57.80669144981413
170.651 57.86864931846345
170.746 57.930607187112756
170.845 57.99256505576208
170.941 58.0545229244114
171.048 58.116480793060724
171.154 58.17843866171004
171.241 58.24039653035935
171.343 58.30235439900867
171.445 58.36431226765799
171.548 58.42627013630731
171.65 58.48822800495663
171.742 58.550185873605955
171.847 58.61214374225526
171.943 58.674101610904586
172.052 58.7360594795539
172.145 58.798017348203224
172.261 58.85997521685255
172.341 58.921933085501855
172.443 58.98389095415118
172.545 59.045848822800494
172.642 59.10780669144982
172.751 59.16976456009914
172.841 59.23172242874845
172.96 59.29368029739776
173.042 59.355638166047086
173.14 59.41759603469641
173.251 59.479553903345725
173.341 59.54151177199505
173.44 59.603469640644356
173.541 59.66542750929368
173.662 59.727385377943
173.742 59.78934324659232
173.849 59.85130111524164
173.96 59.91325898389095
174.101 59.97521685254027
174.259 60.03717472118959
174.286 60.09913258983891
174.341 60.16109045848823
174.449 60.223048327137555
174.542 60.28500619578686
174.643 60.34696406443618
174.741 60.4089219330855
174.843 60.470879801734824
174.941 60.53283767038414
175.043 60.594795539033456
175.17 60.65675340768277
175.246 60.718711276332094
175.343 60.78066914498142
175.443 60.84262701363073
175.544 60.904584882280055
175.645 60.966542750929364
175.742 61.028500619578686
175.848 61.09045848822801
175.943 61.152416356877325
176.04 61.21437422552665
176.141 61.276332094175956
176.248 61.33828996282528
176.353 61.400247831474594
215.4 61.46220570012392
215.431 61.52416356877324
215.468 61.58612143742255
215.502 61.64807930607187
215.532 61.71003717472119
215.56 61.77199504337051
215.612 61.83395291201983
215.636 61.89591078066915
215.658 61.957868649318456
215.678 62.01982651796778
215.703 62.0817843866171
215.735 62.14374225526642
215.759 62.20570012391574
215.781 62.26765799256505
215.802 62.32961586121437
215.823 62.391573729863694
215.844 62.45353159851301
215.871 62.51548946716233
215.899 62.577447335811655
215.928 62.639405204460964
215.956 62.70136307311029
215.983 62.7633209417596
216.212 62.825278810408925
216.242 62.88723667905825
216.271 62.949194547707556
216.313 63.01115241635687
216.344 63.073110285006194
216.376 63.13506815365552
216.405 63.19702602230484
216.433 63.25898389095415
216.462 63.320941759603464
216.492 63.38289962825279
216.519 63.44485749690211
216.551 63.506815365551425
216.578 63.56877323420075
216.607 63.630731102850056
216.635 63.69268897149938
216.663 63.7546468401487
216.69 63.81660470879802
216.724 63.87856257744734
216.756 63.94052044609665
216.783 64.00247831474597
216.811 64.06443618339529
216.841 64.12639405204462
216.868 64.18835192069393
216.896 64.25030978934325
216.922 64.31226765799256
216.961 64.37422552664188
216.989 64.43618339529121
217.017 64.49814126394052
217.046 64.56009913258984
217.074 64.62205700123916
217.101 64.68401486988847
217.128 64.74597273853779
217.155 64.80793060718712
217.189 64.86988847583643
217.217 64.93184634448575
217.245 64.99380421313506
217.273 65.05576208178438
217.302 65.11771995043371
217.326 65.17967781908303
217.347 65.24163568773234
217.373 65.30359355638166
217.394 65.36555142503097
217.424 65.4275092936803
217.447 65.48946716232962
217.469 65.55142503097893
217.491 65.61338289962825
217.511 65.67534076827756
217.538 65.7372986369269
217.562 65.79925650557621
217.583 65.86121437422553
217.604 65.92317224287486
217.629 65.98513011152416
217.651 66.04708798017349
217.671 66.1090458488228
217.691 66.17100371747212
217.719 66.23296158612145
217.74 66.29491945477075
217.77 66.35687732342006
217.794 66.4188351920694
217.816 66.48079306071871
217.837 66.54275092936803
217.859 66.60470879801736
217.886 66.66666666666666
217.919 66.72862453531599
217.949 66.7905824039653
217.977 66.85254027261462
218.005 66.91449814126395
218.032 66.97645600991325
218.06 67.03841387856258
218.088 67.1003717472119
218.126 67.16232961586121
218.154 67.22428748451054
218.179 67.28624535315984
218.203 67.34820322180917
218.236 67.41016109045849
218.259 67.4721189591078
218.287 67.53407682775713
218.309 67.59603469640645
218.344 67.65799256505576
218.371 67.71995043370508
218.396 67.7819083023544
218.419 67.84386617100373
218.443 67.90582403965304
218.467 67.96778190830236
218.488 68.02973977695167
218.516 68.09169764560099
218.539 68.15365551425032
218.566 68.21561338289963
218.59 68.27757125154895
218.625 68.33952912019826
218.65 68.40148698884758
218.675 68.4634448574969
218.699 68.52540272614623
218.736 68.58736059479554
218.762 68.64931846344486
218.788 68.71127633209417
218.813 68.77323420074349
218.843 68.83519206939282
218.867 68.89714993804213
218.894 68.95910780669145
218.918 69.02106567534076
218.948 69.08302354399008
218.973 69.14498141263941
219.003 69.20693928128873
219.031 69.26889714993804
219.061 69.33085501858736
219.087 69.39281288723667
219.115 69.454770755886
219.138 69.51672862453532
219.17 69.57868649318463
219.197 69.64064436183395
219.319 69.70260223048327
219.37 69.7645600991326
219.393 69.82651796778191
219.417 69.88847583643123
219.473 69.95043370508056
219.503 70.01239157372986
219.528 70.07434944237917
219.652 70.1363073110285
219.676 70.19826517967782
219.719 70.26022304832715
219.744 70.32218091697645
219.775 70.38413878562577
219.798 70.4460966542751
219.824 70.50805452292441
219.851 70.57001239157373
219.872 70.63197026022306
219.898 70.69392812887236
219.924 70.75588599752169
219.953 70.817843866171
219.982 70.87980173482032
220.007 70.94175960346965
220.032 71.00371747211895
220.055 71.06567534076828
220.082 71.1276332094176
220.11 71.18959107806691
220.142 71.25154894671624
220.167 71.31350681536554
220.191 71.37546468401487
220.221 71.43742255266419
220.245 71.4993804213135
220.272 71.56133828996283
220.298 71.62329615861215
220.329 71.68525402726146
220.358 71.74721189591078
220.386 71.8091697645601
220.414 71.87112763320943
220.443 71.93308550185874
220.473 71.99504337050804
220.503 72.05700123915737
220.528 72.11895910780669
220.559 72.18091697645602
220.587 72.24287484510533
220.614 72.30483271375465
220.641 72.36679058240397
220.675 72.42874845105328
220.709 72.4907063197026
220.732 72.55266418835193
220.76 72.61462205700124
220.789 72.67657992565056
220.816 72.73853779429987
220.844 72.80049566294919
220.874 72.86245353159852
220.902 72.92441140024783
220.927 72.98636926889715
220.949 73.04832713754647
220.973 73.11028500619578
221.0 73.17224287484511
221.024 73.23420074349443
221.046 73.29615861214374
221.068 73.35811648079306
221.088 73.42007434944237
221.116 73.4820322180917
221.143 73.54399008674102
221.165 73.60594795539033
221.186 73.66790582403965
221.207 73.72986369268897
221.24 73.7918215613383
221.266 73.85377942998761
221.288 73.91573729863693
221.315 73.97769516728626
221.341 74.03965303593556
221.367 74.10161090458487
221.395 74.1635687732342
221.41 74.22552664188352
221.427 74.28748451053283
221.449 74.34944237918215
221.464 74.41140024783147
221.487 74.4733581164808
221.508 74.53531598513011
221.528 74.59727385377943
221.55 74.65923172242876
221.573 74.72118959107806
221.593 74.78314745972739
221.613 74.8451053283767
221.638 74.90706319702602
221.663 74.96902106567535
221.689 75.03097893432465
221.708 75.09293680297398
221.724 75.1548946716233
221.767 75.21685254027261
221.907 75.27881040892194
222.058 75.34076827757124
222.074 75.40272614622057
222.089 75.46468401486989
222.11 75.5266418835192
222.127 75.58859975216853
222.142 75.65055762081785
222.158 75.71251548946717
222.174 75.77447335811648
222.191 75.8364312267658
222.213 75.89838909541513
222.229 75.96034696406444
222.246 76.02230483271374
222.262 76.08426270136307
222.291 76.14622057001239
222.307 76.2081784386617
222.323 76.27013630731103
222.339 76.33209417596035
222.354 76.39405204460967
222.369 76.45600991325898
222.385 76.5179677819083
222.4 76.57992565055763
222.416 76.64188351920694
222.433 76.70384138785626
222.455 76.76579925650557
222.47 76.82775712515489
222.486 76.88971499380422
222.502 76.95167286245353
222.516 77.01363073110285
222.532 77.07558859975217
222.548 77.13754646840148
222.562 77.19950433705081
222.578 77.26146220570013
222.598 77.32342007434944
222.616 77.38537794299876
222.632 77.44733581164807
222.647 77.5092936802974
222.663 77.57125154894672
222.681 77.63320941759603
222.696 77.69516728624535
222.712 77.75712515489467
222.727 77.81908302354398
222.741 77.88104089219331
222.763 77.94299876084263
222.78 78.00495662949196
222.795 78.06691449814126
222.812 78.12887236679057
222.829 78.1908302354399
222.844 78.25278810408922
222.859 78.31474597273854
222.875 78.37670384138785
222.899 78.43866171003717
222.927 78.5006195786865
222.946 78.56257744733581
222.964 78.62453531598513
222.98 78.68649318463446
222.996 78.74845105328376
223.013 78.81040892193309
223.028 78.8723667905824
223.044 78.93432465923172
223.06 78.99628252788105
223.082 79.05824039653035
223.098 79.12019826517968
223.112 79.182156133829
223.132 79.24411400247831
223.148 79.30607187112764
223.164 79.36802973977694
223.181 79.42998760842627
223.196 79.49194547707559
223.212 79.5539033457249
223.235 79.61586121437423
223.252 79.67781908302355
223.268 79.73977695167285
223.284 79.80173482032218
223.3 79.8636926889715
223.316 79.92565055762083
223.333 79.98760842627014
223.351 80.04956629491944
223.372 80.11152416356877
223.387 80.17348203221809
223.404 80.2354399008674
223.42 80.29739776951673
223.436 80.35935563816605
223.451 80.42131350681537
223.467 80.48327137546468
223.484 80.545229244114
223.501 80.60718711276333
223.521 80.66914498141264
223.538 80.73110285006196
223.557 80.79306071871127
223.577 80.85501858736059
223.598 80.91697645600992
223.619 80.97893432465924
223.636 81.04089219330855
223.658 81.10285006195787
223.687 81.16480793060718
223.713 81.22676579925651
223.766 81.28872366790583
223.862 81.35068153655514
223.921 81.41263940520446
224.012 81.47459727385377
224.105 81.5365551425031
224.205 81.59851301115242
224.23 81.66047087980174
224.249 81.72242874845105
224.266 81.78438661710037
224.331 81.84634448574968
224.348 81.90830235439901
224.364 81.97026022304833
224.38 82.03221809169764
224.401 82.09417596034696
224.419 82.15613382899627
224.435 82.2180916976456
224.45 82.28004956629492
224.465 82.34200743494424
224.48 82.40396530359355
224.495 82.46592317224287
224.512 82.5278810408922
224.578 82.58983890954151
224.672 82.65179677819083
224.772 82.71375464684016
224.874 82.77571251548946
224.972 82.83767038413879
225.074 82.8996282527881
225.187 82.96158612143742
225.273 83.02354399008675
225.42 83.08550185873605
225.472 83.14745972738538
225.573 83.2094175960347
225.679 83.27137546468401
225.784 83.33333333333334
225.876 83.39529120198264
225.98 83.45724907063197
226.072 83.51920693928129
226.178 83.5811648079306
226.271 83.64312267657994
226.377 83.70508054522925
226.476 83.76703841387855
226.572 83.82899628252788
226.672 83.8909541511772
226.771 83.95291201982651
226.871 84.01486988847584
226.971 84.07682775712514
227.074 84.13878562577447
227.173 84.20074349442379
227.273 84.2627013630731
227.372 84.32465923172244
227.479 84.38661710037175
227.572 84.44857496902107
227.672 84.51053283767038
227.771 84.5724907063197
227.872 84.63444857496903
227.975 84.69640644361834
228.079 84.75836431226766
228.179 84.82032218091697
228.28 84.88228004956629
228.394 84.94423791821562
228.521 85.00619578686494
228.644 85.06815365551425
228.718 85.13011152416357
228.77 85.19206939281288
228.871 85.25402726146221
228.973 85.31598513011153
229.073 85.37794299876084
229.177 85.43990086741016
229.272 85.50185873605948
229.373 85.56381660470879
229.472 85.62577447335812
229.571 85.68773234200744
229.675 85.74969021065675
229.773 85.81164807930607
229.871 85.87360594795538
229.975 85.93556381660471
230.075 85.99752168525403
230.173 86.05947955390334
230.272 86.12143742255266
230.373 86.18339529120198
230.475 86.2453531598513
230.573 86.30731102850062
230.673 86.36926889714994
230.771 86.43122676579925
230.88 86.49318463444857
230.973 86.5551425030979
231.071 86.61710037174721
231.171 86.67905824039653
231.272 86.74101610904586
231.373 86.80297397769516
231.476 86.86493184634449
231.575 86.9268897149938
231.672 86.98884758364312
231.77 87.05080545229245
231.871 87.11276332094175
231.973 87.17472118959108
232.075 87.2366790582404
232.174 87.29863692688971
232.277 87.36059479553904
232.371 87.42255266418834
232.474 87.48451053283766
232.582 87.54646840148699
232.675 87.6084262701363
232.771 87.67038413878564
232.873 87.73234200743495
232.976 87.79429987608425
233.082 87.85625774473358
233.18 87.9182156133829
233.282 87.98017348203221
233.382 88.04213135068154
233.503 88.10408921933085
233.581 88.16604708798017
233.691 88.22800495662949
233.785 88.2899628252788
233.884 88.35192069392814
233.991 88.41387856257745
234.1 88.47583643122677
234.201 88.53779429987608
234.297 88.5997521685254
234.402 88.66171003717473
234.49 88.72366790582404
234.595 88.78562577447336
234.718 88.84758364312268
234.899 88.90954151177199
235.054 88.97149938042132
235.217 89.03345724907064
235.385 89.09541511771994
235.545 89.15737298636927
235.718 89.21933085501858
235.884 89.28128872366791
236.046 89.34324659231723
236.22 89.40520446096654
236.385 89.46716232961586
236.547 89.52912019826518
236.717 89.59107806691449
236.883 89.65303593556382
237.046 89.71499380421314
237.219 89.77695167286245
237.388 89.83890954151177
237.548 89.90086741016108
237.696 89.96282527881041
237.818 90.02478314745973
237.944 90.08674101610904
238.068 90.14869888475836
238.197 90.21065675340768
238.321 90.272614622057
238.448 90.33457249070632
238.568 90.39653035935564
238.696 90.45848822800495
238.823 90.52044609665427
238.945 90.5824039653036
239.071 90.64436183395291
239.194 90.70631970260223
239.322 90.76827757125156
239.442 90.83023543990086
239.568 90.89219330855019
239.703 90.9541511771995
239.828 91.01610904584882
239.945 91.07806691449815
240.074 91.14002478314745
240.205 91.20198265179678
240.318 91.2639405204461
240.441 91.32589838909541
240.571 91.38785625774474
240.7 91.44981412639405
240.819 91.51177199504336
240.941 91.57372986369269
241.069 91.635687732342
241.193 91.69764560099132
241.317 91.75960346964065
241.444 91.82156133828995
241.569 91.88351920693928
241.695 91.9454770755886
241.818 92.00743494423791
241.94 92.06939281288724
242.068 92.13135068153655
242.205 92.19330855018588
242.321 92.25526641883519
242.443 92.3172242874845
242.57 92.37918215613384
242.701 92.44114002478315
242.818 92.50309789343247
242.941 92.56505576208178
243.068 92.6270136307311
243.195 92.68897149938043
243.32 92.75092936802974
243.44 92.81288723667906
243.571 92.87484510532838
243.698 92.93680297397769
243.818 92.99876084262702
243.941 93.06071871127634
244.071 93.12267657992564
244.198 93.18463444857497
244.316 93.24659231722428
244.443 93.3085501858736
244.573 93.37050805452293
244.693 93.43246592317224
244.825 93.49442379182156
244.942 93.55638166047088
245.068 93.61833952912019
245.197 93.68029739776952
245.323 93.74225526641884
245.443 93.80421313506815
245.568 93.86617100371747
245.695 93.92812887236678
245.817 93.99008674101611
245.941 94.05204460966543
246.068 94.11400247831475
246.197 94.17596034696406
246.322 94.23791821561338
246.451 94.2998760842627
246.578 94.36183395291202
246.694 94.42379182156134
246.829 94.48574969021065
246.943 94.54770755885997
247.071 94.6096654275093
247.199 94.67162329615861
247.317 94.73358116480793
247.441 94.79553903345726
247.572 94.85749690210656
247.694 94.91945477075589
247.817 94.9814126394052
247.943 95.04337050805452
248.068 95.10532837670385
248.194 95.16728624535315
248.323 95.22924411400247
248.442 95.2912019826518
248.568 95.35315985130111
248.694 95.41511771995044
248.817 95.47707558859975
248.945 95.53903345724906
249.072 95.60099132589839
249.196 95.6629491945477
249.319 95.72490706319702
249.443 95.78686493184635
249.568 95.84882280049565
249.696 95.91078066914498
249.822 95.9727385377943
249.954 96.03469640644362
250.068 96.09665427509294
250.228 96.15861214374225
250.464 96.22057001239158
250.585 96.28252788104089
250.628 96.34448574969021
250.715 96.40644361833954
250.816 96.46840148698885
250.945 96.53035935563817
251.064 96.59231722428748
251.195 96.6542750929368
251.317 96.71623296158613
251.443 96.77819083023545
251.564 96.84014869888475
251.72 96.90210656753408
251.816 96.96406443618339
251.94 97.02602230483272
252.067 97.08798017348204
252.193 97.14993804213134
252.318 97.21189591078067
252.443 97.27385377942998
252.564 97.3358116480793
252.693 97.39776951672863
252.817 97.45972738537795
252.941 97.52168525402726
253.064 97.58364312267658
253.193 97.64560099132589
253.314 97.70755885997522
253.443 97.76951672862454
253.563 97.83147459727385
253.696 97.89343246592317
253.813 97.95539033457248
253.941 98.01734820322181
254.066 98.07930607187113
254.19 98.14126394052045
254.316 98.20322180916976
254.442 98.26517967781908
254.567 98.3271375464684
254.693 98.38909541511772
254.831 98.45105328376704
254.943 98.51301115241635
255.063 98.57496902106567
255.195 98.636926889715
255.318 98.69888475836431
255.444 98.76084262701363
255.568 98.82280049566296
255.69 98.88475836431226
255.814 98.94671623296159
255.938 99.00867410161091
256.06 99.07063197026022
256.191 99.13258983890955
256.318 99.19454770755885
256.44 99.25650557620817
256.562 99.3184634448575
256.686 99.38042131350682
256.819 99.44237918215613
256.939 99.50433705080545
257.069 99.56629491945476
257.189 99.62825278810409
257.314 99.69021065675341
257.441 99.75216852540272
257.564 99.81412639405205
257.725 99.87608426270135
257.827 99.93804213135068
258.832 100.0
